w = [[ 0.1124579 ]
 [ 0.23106775]]
b = 1.55930492484
dw = [[ 0.90158428]
 [ 1.76250842]]
db = 0.430462071679
