dw = [[ 0.99993216]
 [ 1.99980262]]
db = 0.499935230625
cost = 6.00006477319
